Paired t-test on recall (Pretrained vs Scratch)
Statistic: 6.130078453429518
P-value: 4.8138186588019785e-08
